{
 "cells": [
  {
   "cell_type": "code",
   "execution_count": 3,
   "id": "c080d28b-c5fa-48e7-9fc6-f2b560f755b0",
   "metadata": {},
   "outputs": [
    {
     "data": {
      "text/plain": [
       "4×1 adjoint(::Matrix{Int64}) with eltype Int64:\n",
       " 0\n",
       " 0\n",
       " 3\n",
       " 0"
      ]
     },
     "execution_count": 3,
     "metadata": {},
     "output_type": "execute_result"
    }
   ],
   "source": [
    "using LinearAlgebra\n",
    "A = [ 2 -1 -1 0; -1 1.5 0 -0.5; -1 0 1.7 -0.2; 0 -0.5 -0.2 1.7 ]   \n",
    "B = [ 0 0 3 0 ]'"
   ]
  },
  {
   "cell_type": "code",
   "execution_count": 8,
   "id": "2c7de233-14ad-4302-9d81-d7fd4113074e",
   "metadata": {},
   "outputs": [
    {
     "data": {
      "text/plain": [
       "4×1 Matrix{Float64}:\n",
       " 3.0638297872340425\n",
       " 2.425531914893617\n",
       " 3.7021276595744683\n",
       " 1.1489361702127658"
      ]
     },
     "execution_count": 8,
     "metadata": {},
     "output_type": "execute_result"
    }
   ],
   "source": [
    "A*x = B\n",
    "x = A\\B"
   ]
  },
  {
   "cell_type": "code",
   "execution_count": 10,
   "id": "2fd0b576-fd44-4ccf-bfcd-e646b2babb2b",
   "metadata": {},
   "outputs": [
    {
     "data": {
      "text/plain": [
       "SVD{Float64, Float64, Matrix{Float64}, Vector{Float64}}\n",
       "U factor:\n",
       "4×4 Matrix{Float64}:\n",
       " -0.721623  -0.225374  -0.252553  0.60389\n",
       "  0.458236  -0.43194    0.499235  0.595157\n",
       "  0.477436   0.403686  -0.633069  0.456417\n",
       " -0.203308   0.774385   0.534982  0.269793\n",
       "singular values:\n",
       "4-element Vector{Float64}:\n",
       " 3.296621596268449\n",
       " 1.8746326482479798\n",
       " 1.4700780624595662\n",
       " 0.2586676930240056\n",
       "Vt factor:\n",
       "4×4 Matrix{Float64}:\n",
       " -0.721623   0.458236   0.477436  -0.203308\n",
       " -0.225374  -0.43194    0.403686   0.774385\n",
       " -0.252553   0.499235  -0.633069   0.534982\n",
       "  0.60389    0.595157   0.456417   0.269793"
      ]
     },
     "execution_count": 10,
     "metadata": {},
     "output_type": "execute_result"
    }
   ],
   "source": [
    "svd(A)"
   ]
  },
  {
   "cell_type": "code",
   "execution_count": 11,
   "id": "70e8818b-fffc-4814-9eb1-319305ababaf",
   "metadata": {},
   "outputs": [
    {
     "data": {
      "text/plain": [
       "4×4 Matrix{Float64}:\n",
       " 1.6383    1.25532   1.02128   0.489362\n",
       " 1.25532   1.70213   0.808511  0.595745\n",
       " 1.02128   0.808511  1.23404   0.382979\n",
       " 0.489362  0.595745  0.382979  0.808511"
      ]
     },
     "execution_count": 11,
     "metadata": {},
     "output_type": "execute_result"
    }
   ],
   "source": [
    "inv(A)"
   ]
  },
  {
   "cell_type": "code",
   "execution_count": 12,
   "id": "5c090018-1daa-4398-a6b4-02d8822ae1b9",
   "metadata": {},
   "outputs": [
    {
     "data": {
      "text/plain": [
       "2.35"
      ]
     },
     "execution_count": 12,
     "metadata": {},
     "output_type": "execute_result"
    }
   ],
   "source": [
    "det(A)"
   ]
  },
  {
   "cell_type": "code",
   "execution_count": null,
   "id": "d22c784f-77ed-4be9-b8c4-9df9645d70c8",
   "metadata": {},
   "outputs": [],
   "source": []
  },
  {
   "cell_type": "code",
   "execution_count": null,
   "id": "8fc5d849-7bcc-449e-9fb1-d577098778d2",
   "metadata": {},
   "outputs": [],
   "source": []
  }
 ],
 "metadata": {
  "kernelspec": {
   "display_name": "Julia 1.12.0",
   "language": "julia",
   "name": "julia-1.12"
  },
  "language_info": {
   "file_extension": ".jl",
   "mimetype": "application/julia",
   "name": "julia",
   "version": "1.12.0"
  }
 },
 "nbformat": 4,
 "nbformat_minor": 5
}
